0 24 
1 21 
2 19 
3 20 
4 21 
5 23 
6 24 
7 25 
8 25 
9 25 
10 24 
11 23 
12 24 
13 25 
14 24 
15 22 
16 23 
17 22 
18 23 
19 22 
20 22 
21 25 
22 26 
23 24 
24 25 
25 25 
26 24 
27 23 
28 23 
29 23 
30 23 
31 23 
32 22 
33 22 
34 23 
35 21 
36 25 
37 40 
38 56 
39 61 
40 56 
41 47 
42 39 
43 32 
44 29 
45 31 
46 31 
47 23 
48 20 
49 28 
50 34 
51 35 
52 37 
53 39 
54 39 
55 37 
56 35 
57 31 
58 19 
59 47 
60 68 
61 72 
62 58 
63 37 
64 31 
65 39 
66 51 
67 59 
68 56 
69 53 
70 59 
71 66 
72 84 
73 125 
74 139 
75 134 
76 122 
77 134 
78 139 
79 141 
80 128 
81 124 
82 92 
83 67 
84 58 
85 58 
86 49 
87 15 
88 8 
89 54 
90 145 
91 223 
92 166 
93 89 
94 30 
95 5 
96 10 
97 17 
98 21 
99 22 
100 22 
101 23 
102 24 
103 24 
104 21 
105 22 
106 22 
107 23 
108 24 
109 22 
110 18 
111 19 
112 19 
113 21 
114 20 
115 16 
116 17 
117 8 
118 6 
119 27 
120 83 
121 121 
122 131 
123 106 
124 77 
125 51 
126 29 
127 15 
128 19 
129 21 
130 22 
131 22 
132 21 
133 22 
134 20 
135 16 
136 18 
137 20 
138 25 
139 28 
140 24 
141 24 
142 25 
143 21 
144 25 
145 22 
146 22 
147 15 
148 17 
149 29 
150 36 
151 42 
152 38 
153 34 
154 30 
155 23 
156 20 
157 23 
158 26 
159 22 
160 19 
161 27 
162 58 
163 83 
164 131 
165 132 
166 111 
167 69 
168 50 
169 37 
170 30 
171 35 
172 40 
173 33 
174 22 
175 17 
176 20 
177 25 
178 24 
179 20 
180 19 
181 22 
182 23 
183 20 
184 22 
185 22 
186 27 
187 42 
188 61 
189 76 
190 82 
191 80 
192 69 
193 56 
194 64 
195 92 
196 101 
197 87 
198 68 
199 55 
200 37 
201 16 
202 10 
203 18 
204 19 
205 17 
206 16 
207 17 
208 16 
209 17 
210 17 
211 17 
212 17 
213 18 
214 18 
215 18 
216 19 
217 21 
218 22 
219 22 
220 22 
221 21 
222 21 
223 21 
224 19 
225 15 
226 7 
227 4 
228 11 
229 40 
230 80 
231 114 
232 140 
233 159 
234 157 
235 159 
236 147 
237 139 
238 144 
239 145 
240 135 
241 125 
242 110 
243 107 
244 120 
245 134 
246 139 
247 137 
248 144 
249 150 
250 151 
251 161 
252 174 
253 172 
254 172 
255 178 
256 186 
257 189 
258 184 
259 189 
260 191 
261 183 
262 153 
263 105 
264 56 
265 24 
266 10 
267 13 
268 18 
269 29 
270 45 
271 70 
272 95 
273 109 
274 129 
275 151 
276 166 
277 195 
278 221 
279 212 
280 210 
281 220 
282 227 
283 230 
284 234 
285 159 
286 93 
287 65 
288 98 
289 172 
290 191 
291 166 
292 117 
293 53 
294 76 
295 104 
296 124 
297 132 
298 129 
299 111 
300 89 
301 80 
302 83 
303 79 
304 74 
305 76 
306 71 
307 62 
308 45 
309 29 
310 27 
311 28 
312 21 
313 25 
314 37 
315 80 
316 111 
317 88 
318 41 
319 13 
320 15 
321 18 
322 27 
323 32 
324 38 
325 49 
326 54 
327 50 
328 44 
329 33 
330 23 
331 23 
332 23 
333 21 
334 20 
335 20 
336 32 
337 33 
338 39 
339 44 
340 47 
341 57 
342 62 
343 53 
344 43 
345 40 
346 47 
347 65 
348 81 
349 65 
350 33 
351 27 
352 27 
353 41 
354 51 
355 56 
356 57 
357 53 
358 47 
359 43 
360 42 
361 44 
362 49 
363 60 
364 69 
365 78 
366 79 
367 65 
368 37 
369 99 
370 155 
371 194 
372 201 
373 151 
374 47 
375 44 
376 109 
377 165 
378 160 
379 152 
380 144 
381 137 
382 142 
383 158 
384 169 
385 145 
386 102 
387 75 
388 67 
389 99 
390 124 
391 134 
392 149 
393 150 
394 132 
395 114 
396 149 
397 197 
398 225 
399 240 
400 243 
401 240 
402 230 
403 178 
404 113 
405 82 
406 105 
407 104 
408 125 
409 190 
410 248 
411 245 
412 245 
413 152 
414 75 
415 58 
416 61 
417 74 
418 66 
419 70 
420 72 
421 67 
422 44 
423 36 
424 32 
425 27 
426 30 
427 40 
428 45 
429 43 
430 41 
431 39 
432 37 
433 38 
434 36 
435 36 
436 36 
437 34 
438 30 
439 26 
440 20 
441 25 
442 53 
443 86 
444 112 
445 97 
446 84 
447 78 
448 69 
449 65 
450 56 
451 45 
452 43 
453 59 
454 89 
455 110 
456 129 
457 106 
458 79 
459 69 
460 62 
461 42 
462 30 
463 36 
464 31 
465 32 
466 33 
467 29 
468 26 
469 26 
470 21 
471 13 
472 13 
473 26 
474 90 
475 136 
476 177 
477 189 
478 181 
479 176 
480 181 
481 180 
482 179 
483 154 
484 98 
485 43 
486 79 
487 95 
488 81 
489 64 
490 56 
491 62 
492 59 
493 43 
494 34 
495 34 
496 39 
497 48 
498 56 
499 64 
500 71 
501 72 
502 73 
503 74 
504 71 
505 68 
506 67 
507 73 
508 71 
509 52 
510 38 
511 39 
512 49 
513 48 
514 28 
515 22 
516 24 
517 18 
518 18 
519 19 
520 22 
521 21 
522 20 
523 20 
524 21 
525 20 
526 19 
527 17 
528 20 
529 22 
530 23 
531 23 
532 26 
533 30 
534 25 
535 17 
536 21 
537 19 
538 20 
539 21 
540 18 
541 16 
542 17 
543 19 
544 20 
545 21 
546 23 
547 23 
548 23 
549 23 
550 24 
551 22 
552 22 
553 23 
554 24 
555 22 
556 18 
557 18 
558 19 
559 18 
560 17 
561 18 
562 19 
563 20 
564 20 
565 18 
566 16 
567 15 
568 18 
569 18 
570 20 
571 21 
572 20 
573 21 
574 22 
575 19 
576 20 
577 19 
578 20 
579 21 
580 20 
581 20 
582 23 
583 25 
584 26 
585 24 
586 24 
587 26 
588 26 
589 26 
590 26 
591 25 
592 25 
593 23 
594 23 
595 23 
596 23 
597 24 
598 25 
599 24 
600 24 
601 23 
602 23 
603 22 
604 22 
605 21 
606 22 
607 23 
608 23 
609 23 
610 23 
611 24 
612 25 
613 25 
614 25 
615 25 
616 24 
617 20 
618 17 
619 18 
620 18 
621 18 
622 18 
623 15 
624 41 
625 58 
626 64 
627 54 
628 35 
629 18 
630 15 
631 18 
632 19 
633 17 
634 16 
635 17 
636 17 
637 16 
638 13 
639 11 
640 13 
641 13 
642 15 
643 16 
644 16 
645 15 
646 17 
647 20 
648 20 
649 20 
650 21 
651 24 
652 26 
653 25 
654 23 
655 23 
656 23 
657 23 
658 24 
659 23 
660 23 
661 22 
662 21 
663 20 
664 20 
665 21 
666 21 
667 20 
668 20 
669 20 
670 21 
671 21 
672 20 
673 19 
674 19 
675 19 
676 17 
677 15 
678 16 
679 16 
680 18 
681 17 
682 15 
683 14 
684 15 
685 18 
686 20 
687 20 
688 19 
689 19 
690 19 
691 19 
692 19 
693 19 
694 19 
695 19 
696 17 
697 18 
698 18 
699 18 
700 18 
701 18 
702 21 
703 25 
704 21 
705 20 
706 20 
707 20 
708 21 
709 22 
710 20 
711 16 
712 22 
713 23 
714 25 
715 30 
716 35 
717 32 
718 29 
719 34 
720 33 
721 39 
722 43 
723 34 
724 29 
725 33 
726 38 
727 43 
728 41 
729 43 
730 29 
731 10 
732 4 
733 8 
734 16 
735 25 
736 16 
737 16 
738 16 
739 18 
740 19 
741 20 
742 23 
743 28 
744 26 
745 22 
746 21 
747 22 
748 23 
749 23 
750 22 
751 21 
752 21 
753 21 
754 22 
755 21 
756 21 
757 20 
758 20 
759 20 
760 21 
761 21 
762 19 
763 17 
764 17 
765 18 
766 21 
767 24 
768 24 
769 26 
770 26 
771 26 
772 31 
773 38 
774 39 
775 35 
776 44 
777 51 
778 49 
779 41 
780 34 
781 48 
782 75 
783 84 
784 73 
785 65 
786 59 
787 59 
788 67 
789 78 
790 97 
791 131 
792 113 
793 77 
794 63 
795 68 
796 67 
797 65 
798 63 
799 58 
800 54 
801 50 
802 55 
803 52 
804 38 
805 37 
806 45 
807 42 
808 40 
809 41 
810 32 
811 28 
812 32 
813 25 
814 19 
815 27 
816 29 
817 31 
818 28 
819 21 
820 18 
821 19 
822 21 
823 23 
824 22 
825 22 
826 21 
827 20 
828 21 
829 21 
830 21 
831 20 
832 19 
833 18 
834 18 
835 21 
836 21 
837 20 
838 22 
839 27 
840 22 
841 21 
842 20 
843 18 
844 18 
845 19 
846 19 
847 19 
848 19 
849 19 
850 19 
851 19 
852 18 
853 18 
854 18 
855 19 
856 18 
857 22 
858 21 
859 22 
860 27 
861 25 
862 22 
863 26 
864 23 
865 23 
866 23 
867 23 
868 22 
869 22 
870 25 
871 30 
872 31 
873 36 
874 33 
875 30 
876 38 
877 44 
878 47 
879 50 
880 53 
881 45 
882 43 
883 44 
884 39 
885 36 
886 37 
887 35 
888 39 
889 47 
890 55 
891 63 
892 66 
893 74 
894 80 
895 67 
896 50 
897 44 
898 38 
899 35 
900 34 
901 31 
902 26 
903 21 
904 24 
905 24 
906 24 
907 22 
908 19 
909 18 
910 20 
911 22 
912 20 
913 21 
914 24 
915 27 
916 28 
917 35 
918 38 
919 34 
920 27 
921 28 
922 33 
923 37 
924 37 
925 34 
926 31 
927 30 
928 29 
929 30 
930 29 
931 26 
932 25 
933 28 
934 29 
935 28 
936 29 
937 29 
938 42 
939 44 
940 37 
941 37 
942 36 
943 32 
944 40 
945 61 
946 76 
947 82 
948 85 
949 85 
950 89 
951 101 
952 97 
953 88 
954 62 
955 39 
956 29 
957 32 
958 40 
959 47 
960 57 
961 53 
962 36 
963 24 
964 24 
965 25 
966 25 
967 23 
968 26 
969 51 
970 38 
971 30 
972 29 
973 30 
974 34 
975 57 
976 96 
977 106 
978 98 
979 72 
980 49 
981 45 
982 62 
983 77 
984 82 
985 87 
986 104 
987 132 
988 149 
989 132 
990 72 
991 5 
992 5 
993 17 
994 27 
995 35 
996 45 
997 57 
998 35 
999 34 
1000 34 
1001 30 
1002 26 
1003 23 
1004 21 
1005 21 
1006 22 
1007 21 
1008 20 
1009 18 
1010 17 
1011 18 
1012 17 
1013 18 
1014 20 
1015 20 
1016 21 
1017 19 
1018 19 
1019 21 
1020 23 
1021 24 
1022 25 
1023 26 
1024 24 
1025 25 
1026 24 
1027 23 
1028 25 
1029 24 
1030 28 
1031 38 
1032 53 
1033 59 
1034 57 
1035 48 
1036 45 
1037 44 
1038 43 
1039 43 
1040 47 
1041 48 
1042 41 
1043 23 
1044 15 
1045 19 
1046 20 
1047 22 
1048 21 
1049 25 
1050 29 
1051 30 
1052 31 
1053 32 
1054 32 
1055 29 
1056 32 
1057 40 
1058 41 
1059 33 
1060 29 
1061 37 
1062 42 
1063 39 
1064 41 
1065 41 
1066 43 
1067 45 
1068 42 
1069 40 
1070 41 
1071 42 
1072 41 
1073 39 
1074 39 
1075 47 
1076 55 
1077 52 
1078 50 
1079 45 
1080 38 
1081 36 
1082 44 
1083 45 
1084 27 
1085 15 
1086 25 
1087 35 
1088 38 
1089 37 
1090 46 
1091 68 
1092 88 
1093 110 
1094 127 
1095 121 
1096 92 
1097 53 
1098 36 
1099 42 
1100 41 
1101 41 
1102 43 
1103 45 
1104 46 
1105 44 
1106 47 
1107 44 
1108 41 
1109 40 
1110 39 
1111 38 
1112 35 
1113 39 
1114 43 
1115 43 
1116 37 
1117 40 
1118 45 
1119 35 
1120 31 
1121 28 
1122 29 
1123 27 
1124 21 
1125 23 
1126 25 
1127 20 
1128 20 
1129 23 
1130 25 
1131 27 
1132 28 
1133 26 
1134 24 
1135 26 
1136 29 
1137 26 
1138 38 
1139 55 
1140 54 
1141 32 
1142 16 
1143 14 
1144 30 
1145 38 
1146 29 
1147 26 
1148 31 
1149 28 
1150 28 
1151 29 
1152 30 
1153 28 
1154 28 
1155 29 
1156 28 
1157 28 
1158 29 
1159 29 
1160 27 
1161 26 
1162 31 
1163 35 
1164 42 
1165 44 
1166 41 
1167 45 
1168 49 
1169 48 
1170 40 
1171 38 
1172 40 
1173 38 
1174 36 
1175 33 
1176 34 
1177 37 
1178 40 
1179 39 
1180 36 
1181 35 
1182 35 
1183 36 
1184 33 
1185 29 
1186 27 
1187 30 
1188 28 
1189 33 
1190 42 
1191 36 
1192 28 
1193 29 
1194 26 
1195 22 
1196 20 
1197 21 
1198 24 
1199 29 
1200 37 
1201 40 
1202 34 
1203 39 
1204 54 
1205 54 
1206 43 
1207 29 
1208 33 
1209 45 
1210 63 
1211 84 
1212 99 
1213 85 
1214 56 
1215 49 
1216 74 
1217 98 
1218 101 
1219 88 
1220 84 
1221 78 
1222 64 
1223 54 
1224 53 
1225 63 
1226 75 
1227 98 
1228 102 
1229 78 
1230 61 
1231 64 
1232 54 
1233 55 
1234 60 
1235 66 
1236 61 
1237 64 
1238 72 
1239 66 
1240 59 
1241 39 
1242 20 
1243 20 
1244 31 
1245 45 
1246 52 
1247 50 
1248 50 
1249 45 
1250 63 
1251 67 
1252 80 
1253 113 
1254 169 
1255 205 
1256 139 
1257 106 
1258 98 
1259 101 
1260 120 
1261 149 
1262 166 
1263 189 
1264 217 
1265 221 
1266 221 
1267 213 
1268 192 
1269 169 
1270 155 
1271 150 
1272 137 
1273 107 
1274 157 
1275 204 
1276 216 
1277 197 
1278 162 
1279 132 
1280 142 
1281 164 
1282 194 
1283 219 
1284 228 
1285 219 
1286 172 
1287 102 
1288 76 
1289 119 
1290 167 
1291 229 
1292 241 
1293 237 
1294 236 
1295 239 
1296 241 
1297 224 
1298 220 
1299 199 
1300 135 
1301 93 
1302 71 
1303 80 
1304 108 
1305 137 
1306 150 
1307 169 
1308 169 
1309 156 
1310 145 
1311 142 
1312 132 
1313 123 
1314 127 
1315 125 
1316 126 
1317 101 
1318 90 
1319 82 
1320 93 
1321 134 
1322 182 
1323 220 
1324 236 
1325 242 
1326 249 
1327 248 
1328 239 
1329 227 
1330 212 
1331 187 
1332 159 
1333 172 
1334 202 
1335 208 
1336 201 
1337 194 
1338 192 
1339 188 
1340 186 
1341 186 
1342 192 
1343 206 
1344 217 
1345 223 
1346 213 
1347 220 
1348 245 
1349 245 
1350 232 
1351 230 
1352 217 
1353 184 
1354 123 
1355 95 
1356 97 
1357 107 
1358 127 
1359 134 
1360 144 
1361 162 
1362 178 
1363 165 
1364 154 
1365 148 
1366 145 
1367 130 
1368 109 
1369 108 
1370 140 
1371 173 
1372 191 
1373 198 
1374 213 
1375 213 
1376 213 
1377 218 
1378 232 
1379 246 
1380 248 
1381 249 
1382 248 
1383 248 
1384 246 
1385 249 
1386 250 
1387 248 
1388 246 
1389 242 
1390 214 
1391 184 
1392 179 
1393 207 
1394 245 
1395 248 
1396 245 
1397 244 
1398 216 
1399 159 
1400 109 
1401 83 
1402 74 
1403 117 
1404 186 
1405 201 
1406 190 
1407 167 
1408 142 
1409 137 
1410 130 
1411 118 
1412 100 
1413 87 
1414 79 
1415 78 
1416 78 
1417 79 
1418 83 
1419 87 
1420 87 
1421 82 
1422 83 
1423 89 
1424 92 
1425 90 
1426 92 
1427 96 
1428 100 
1429 104 
1430 103 
1431 101 
1432 101 
1433 113 
1434 114 
1435 109 
1436 110 
1437 110 
1438 109 
1439 111 
1440 121 
1441 140 
1442 130 
1443 118 
1444 117 
1445 109 
1446 112 
1447 118 
1448 117 
1449 118 
1450 116 
1451 114 
1452 115 
1453 114 
1454 114 
1455 115 
1456 115 
1457 114 
1458 116 
1459 117 
1460 117 
1461 115 
1462 112 
1463 109 
1464 110 
1465 109 
1466 109 
1467 107 
1468 105 
1469 106 
1470 107 
1471 105 
1472 101 
1473 103 
1474 100 
1475 96 
1476 95 
1477 97 
1478 99 
1479 101 
1480 101 
1481 103 
1482 106 
1483 107 
1484 104 
1485 107 
1486 111 
1487 99 
1488 105 
1489 103 
1490 106 
1491 108 
1492 108 
1493 108 
1494 112 
1495 113 
1496 110 
1497 114 
1498 113 
1499 110 
1500 110 
1501 116 
1502 120 
1503 124 
1504 117 
1505 119 
1506 122 
1507 122 
1508 120 
1509 119 
1510 122 
1511 123 
1512 118 
1513 115 
1514 116 
1515 121 
1516 125 
1517 122 
1518 113 
1519 106 
1520 108 
1521 119 
1522 123 
1523 123 
1524 119 
1525 117 
1526 119 
1527 117 
1528 117 
1529 119 
1530 114 
1531 113 
1532 119 
1533 119 
1534 117 
1535 122 
1536 120 
1537 123 
1538 123 
1539 120 
1540 123 
1541 119 
1542 110 
1543 117 
1544 125 
1545 123 
1546 122 
1547 120 
1548 119 
1549 121 
1550 121 
1551 119 
1552 121 
1553 120 
1554 120 
1555 120 
1556 122 
1557 120 
1558 117 
1559 113 
1560 120 
1561 121 
1562 122 
1563 123 
1564 123 
1565 123 
1566 124 
1567 125 
1568 123 
1569 122 
1570 126 
1571 127 
1572 122 
1573 121 
1574 122 
1575 120 
1576 121 
1577 118 
1578 116 
1579 124 
1580 132 
1581 126 
1582 117 
1583 118 
1584 125 
1585 132 
1586 137 
1587 131 
1588 119 
1589 112 
1590 115 
1591 122 
1592 121 
1593 120 
1594 117 
1595 114 
1596 109 
1597 105 
1598 102 
1599 104 
1600 97 
1601 104 
1602 108 
1603 110 
1604 113 
1605 115 
1606 108 
1607 99 
1608 105 
1609 106 
1610 105 
1611 102 
1612 100 
1613 102 
1614 105 
1615 104 
1616 103 
1617 105 
1618 105 
1619 102 
1620 100 
1621 103 
1622 105 
1623 103 
1624 100 
1625 99 
1626 102 
1627 105 
1628 105 
1629 108 
1630 111 
1631 109 
1632 103 
1633 103 
1634 101 
1635 101 
1636 102 
1637 101 
1638 100 
1639 99 
1640 95 
1641 95 
1642 99 
1643 101 
1644 98 
1645 95 
1646 96 
1647 99 
1648 96 
1649 94 
1650 95 
1651 93 
1652 91 
1653 99 
1654 102 
1655 93 
1656 87 
1657 89 
1658 91 
1659 92 
1660 92 
1661 91 
1662 93 
1663 93 
1664 93 
1665 92 
1666 91 
1667 92 
1668 94 
1669 93 
1670 92 
1671 94 
1672 92 
1673 92 
1674 91 
1675 91 
1676 91 
1677 93 
1678 94 
1679 95 
1680 94 
1681 93 
1682 95 
1683 97 
1684 96 
1685 94 
1686 95 
1687 95 
1688 96 
1689 101 
1690 100 
1691 100 
1692 103 
1693 99 
1694 93 
1695 94 
1696 100 
1697 99 
1698 96 
1699 96 
1700 99 
1701 100 
1702 96 
1703 91 
1704 90 
1705 92 
1706 94 
1707 94 
1708 93 
1709 92 
1710 93 
1711 94 
1712 94 
1713 91 
1714 89 
1715 87 
1716 87 
1717 95 
1718 104 
1719 105 
1720 94 
1721 96 
1722 101 
1723 100 
1724 92 
1725 86 
1726 89 
1727 97 
1728 101 
1729 102 
1730 102 
1731 100 
1732 98 
1733 96 
1734 96 
1735 100 
1736 97 
1737 98 
1738 100 
1739 101 
1740 99 
1741 95 
1742 95 
1743 96 
1744 98 
1745 97 
1746 98 
1747 98 
1748 96 
1749 94 
1750 94 
1751 96 
1752 103 
1753 104 
1754 104 
1755 102 
1756 103 
1757 106 
1758 105 
1759 100 
1760 103 
1761 105 
1762 107 
1763 106 
1764 104 
1765 106 
1766 106 
1767 104 
1768 104 
1769 105 
1770 107 
1771 106 
1772 103 
1773 103 
1774 103 
1775 103 
1776 102 
1777 101 
1778 99 
1779 100 
1780 99 
1781 98 
1782 100 
1783 105 
1784 102 
1785 100 
1786 99 
1787 100 
1788 100 
1789 101 
1790 100 
1791 98 
1792 102 
1793 101 
1794 101 
1795 101 
1796 99 
1797 97 
1798 100 
1799 105 
1800 108 
1801 95 
1802 88 
1803 97 
1804 107 
1805 109 
1806 105 
1807 104 
1808 105 
1809 107 
1810 108 
1811 109 
1812 107 
1813 105 
1814 107 
1815 111 
1816 110 
1817 111 
1818 108 
1819 108 
1820 113 
1821 115 
1822 116 
1823 117 
1824 109 
1825 105 
1826 109 
1827 118 
1828 113 
1829 106 
1830 104 
1831 105 
1832 105 
1833 108 
1834 108 
1835 107 
1836 108 
1837 105 
1838 102 
1839 102 
1840 110 
1841 115 
1842 110 
1843 109 
1844 111 
1845 110 
1846 110 
1847 109 
1848 108 
1849 109 
1850 110 
1851 109 
1852 109 
1853 110 
1854 108 
1855 107 
1856 108 
1857 105 
1858 105 
1859 105 
1860 105 
1861 105 
1862 104 
1863 103 
1864 103 
1865 103 
1866 104 
1867 106 
1868 109 
1869 110 
1870 109 
1871 108 
1872 111 
1873 106 
1874 104 
1875 106 
1876 104 
1877 105 
1878 111 
1879 113 
1880 104 
1881 105 
1882 106 
1883 108 
1884 110 
1885 110 
1886 108 
1887 107 
1888 108 
1889 103 
1890 101 
1891 107 
1892 108 
1893 109 
1894 118 
1895 122 
1896 115 
1897 109 
1898 109 
1899 109 
1900 108 
1901 106 
1902 105 
1903 111 
1904 116 
1905 115 
1906 100 
1907 98 
1908 106 
1909 107 
1910 108 
1911 111 
1912 108 
1913 107 
1914 107 
1915 111 
1916 114 
1917 110 
1918 103 
1919 101 
1920 102 
1921 104 
1922 93 
1923 86 
1924 96 
1925 103 
1926 102 
1927 103 
1928 102 
1929 101 
1930 100 
1931 104 
1932 107 
1933 101 
1934 97 
1935 101 
1936 98 
1937 101 
1938 101 
1939 100 
1940 103 
1941 107 
1942 106 
1943 102 
1944 103 
1945 102 
1946 103 
1947 103 
1948 103 
1949 102 
1950 102 
1951 102 
1952 92 
1953 105 
1954 123 
1955 119 
1956 102 
1957 100 
1958 106 
1959 105 
1960 104 
1961 106 
1962 104 
1963 97 
1964 91 
1965 94 
1966 102 
1967 106 
1968 104 
1969 103 
1970 100 
1971 98 
1972 99 
1973 98 
1974 97 
1975 96 
1976 97 
1977 96 
1978 95 
1979 95 
1980 98 
1981 101 
1982 100 
1983 97 
1984 99 
1985 99 
1986 99 
1987 99 
1988 100 
1989 101 
1990 101 
1991 101 
1992 104 
1993 103 
1994 102 
1995 102 
1996 99 
1997 86 
1998 75 
1999 76 
2000 94 
2001 93 
2002 96 
2003 105 
2004 108 
2005 101 
2006 93 
2007 94 
2008 97 
2009 101 
2010 96 
2011 93 
2012 101 
2013 100 
2014 93 
2015 97 
2016 98 
2017 97 
2018 98 
2019 99 
2020 99 
2021 99 
2022 102 
2023 102 
2024 102 
2025 104 
2026 105 
2027 104 
2028 104 
2029 104 
2030 102 
2031 100 
2032 104 
2033 102 
2034 103 
2035 103 
2036 102 
2037 105 
2038 108 
2039 106 
2040 104 
2041 104 
2042 105 
2043 108 
2044 107 
2045 102 
2046 102 
2047 107 
2048 107 
2049 103 
2050 95 
2051 92 
2052 99 
2053 103 
2054 101 
2055 102 
2056 97 
2057 90 
2058 90 
2059 97 
2060 102 
2061 103 
2062 100 
2063 98 
2064 99 
2065 100 
2066 98 
2067 99 
2068 103 
2069 104 
2070 101 
2071 100 
2072 100 
2073 102 
2074 102 
2075 101 
2076 101 
2077 102 
2078 103 
2079 104 
2080 114 
2081 102 
2082 99 
2083 102 
2084 100 
2085 101 
2086 107 
2087 110 
2088 106 
2089 98 
2090 96 
2091 100 
2092 102 
2093 100 
2094 100 
2095 101 
2096 100 
2097 98 
2098 96 
2099 104 
2100 112 
2101 105 
2102 98 
2103 100 
2104 99 
2105 96 
2106 93 
2107 91 
2108 91 
2109 94 
2110 96 
2111 94 
2112 95 
2113 97 
2114 97 
2115 96 
2116 95 
2117 98 
2118 100 
2119 102 
2120 97 
2121 95 
2122 94 
2123 96 
2124 96 
2125 95 
2126 96 
2127 98 
2128 101 
2129 97 
2130 96 
2131 97 
2132 97 
2133 96 
2134 96 
2135 95 
2136 96 
2137 92 
2138 89 
2139 94 
2140 102 
2141 99 
2142 96 
2143 104 
2144 101 
2145 98 
2146 95 
2147 107 
2148 117 
2149 110 
2150 101 
2151 95 
2152 92 
2153 96 
2154 101 
2155 102 
2156 102 
2157 104 
2158 101 
2159 97 
2160 94 
2161 94 
2162 100 
2163 105 
2164 103 
2165 99 
2166 97 
2167 97 
2168 97 
2169 97 
2170 99 
2171 101 
2172 100 
2173 98 
2174 97 
2175 95 
2176 92 
2177 97 
2178 101 
2179 102 
2180 99 
2181 97 
2182 98 
2183 98 
2184 98 
2185 98 
2186 101 
2187 103 
2188 99 
2189 97 
2190 98 
2191 99 
2192 99 
2193 98 
2194 94 
2195 96 
2196 96 
2197 96 
2198 95 
2199 96 
2200 96 
2201 95 
2202 97 
2203 98 
2204 96 
2205 94 
2206 94 
2207 95 
2208 94 
2209 92 
2210 95 
2211 100 
2212 102 
2213 100 
2214 99 
2215 95 
2216 91 
2217 91 
2218 91 
2219 90 
2220 91 
2221 100 
2222 109 
2223 114 
2224 107 
2225 103 
2226 99 
2227 95 
2228 95 
2229 99 
2230 103 
2231 100 
2232 95 
2233 94 
2234 100 
2235 102 
2236 102 
2237 101 
2238 96 
2239 96 
2240 91 
2241 91 
2242 93 
2243 100 
2244 97 
2245 101 
2246 109 
2247 97 
2248 97 
2249 96 
2250 95 
2251 95 
2252 98 
2253 102 
2254 102 
2255 100 
2256 98 
2257 97 
2258 99 
2259 104 
2260 109 
2261 107 
2262 104 
2263 102 
2264 103 
2265 103 
2266 103 
2267 104 
2268 105 
2269 106 
2270 105 
2271 105 
2272 102 
2273 103 
2274 104 
2275 103 
2276 103 
2277 102 
2278 102 
2279 101 
2280 103 
2281 104 
2282 104 
2283 103 
2284 104 
2285 107 
2286 105 
2287 101 
2288 100 
2289 95 
2290 106 
2291 109 
2292 93 
2293 95 
2294 105 
2295 100 
2296 99 
2297 96 
2298 98 
2299 98 
2300 101 
2301 103 
2302 100 
2303 102 
2304 101 
2305 102 
2306 101 
2307 99 
2308 99 
2309 98 
2310 96 
2311 94 
2312 95 
2313 96 
2314 93 
2315 92 
2316 92 
2317 88 
2318 86 
2319 90 
2320 84 
2321 84 
2322 89 
2323 92 
2324 84 
2325 78 
2326 76 
2327 76 
2328 77 
2329 77 
2330 78 
2331 74 
2332 67 
2333 64 
2334 65 
2335 63 
2336 63 
2337 62 
2338 63 
2339 63 
2340 63 
2341 60 
2342 55 
2343 50 
2344 48 
2345 53 
2346 57 
2347 55 
2348 54 
2349 56 
2350 58 
2351 57 
2352 56 
2353 58 
2354 60 
2355 61 
2356 61 
2357 61 
2358 61 
2359 62 
2360 63 
2361 62 
2362 62 
2363 62 
2364 61 
2365 62 
2366 65 
2367 69 
2368 66 
2369 66 
2370 67 
2371 66 
2372 65 
2373 66 
2374 68 
2375 69 
2376 70 
2377 70 
2378 70 
2379 73 
2380 74 
2381 73 
2382 72 
2383 73 
2384 69 
2385 65 
2386 74 
2387 79 
2388 77 
2389 79 
2390 79 
2391 78 
2392 74 
2393 72 
2394 73 
2395 74 
2396 73 
2397 73 
2398 77 
2399 79 
2400 81 
2401 77 
2402 76 
2403 79 
2404 80 
2405 80 
2406 81 
2407 82 
2408 81 
2409 80 
2410 82 
2411 84 
2412 84 
2413 82 
2414 83 
2415 86 
2416 86 
2417 85 
2418 81 
2419 80 
2420 82 
2421 88 
2422 90 
2423 89 
2424 90 
2425 86 
2426 87 
2427 88 
2428 85 
2429 83 
2430 83 
2431 86 
2432 87 
2433 86 
2434 86 
2435 88 
2436 89 
2437 89 
2438 86 
2439 80 
2440 80 
2441 89 
2442 93 
2443 88 
2444 85 
2445 86 
2446 88 
2447 87 
2448 87 
2449 91 
2450 94 
2451 91 
2452 89 
2453 90 
2454 90 
2455 89 
2456 88 
2457 93 
2458 93 
2459 89 
2460 88 
2461 92 
2462 95 
2463 97 
2464 97 
2465 93 
2466 91 
2467 92 
2468 92 
2469 92 
2470 94 
2471 93 
2472 93 
2473 96 
2474 95 
2475 94 
2476 93 
2477 90 
2478 95 
2479 109 
2480 101 
2481 96 
2482 96 
2483 94 
2484 91 
2485 101 
2486 109 
2487 101 
2488 96 
2489 95 
2490 96 
2491 97 
2492 95 
2493 93 
2494 94 
2495 95 
2496 95 
2497 100 
2498 102 
2499 99 
2500 97 
2501 100 
2502 103 
2503 106 
2504 99 
2505 95 
2506 95 
2507 97 
2508 98 
2509 99 
2510 101 
2511 101 
2512 100 
2513 99 
2514 100 
2515 101 
2516 99 
2517 98 
2518 100 
2519 101 
2520 101 
2521 105 
2522 110 
2523 106 
2524 97 
2525 98 
2526 101 
2527 99 
2528 99 
2529 100 
2530 101 
2531 104 
2532 106 
2533 107 
2534 113 
2535 119 
2536 121 
2537 120 
2538 118 
2539 127 
2540 137 
2541 126 
2542 113 
2543 115 
2544 123 
2545 128 
2546 135 
2547 137 
2548 132 
2549 133 
2550 134 
2551 132 
2552 132 
2553 134 
2554 132 
2555 131 
2556 133 
2557 134 
2558 132 
2559 132 
2560 131 
2561 132 
2562 130 
2563 132 
2564 129 
2565 125 
2566 124 
2567 120 
2568 122 
2569 126 
2570 125 
2571 128 
2572 137 
2573 138 
2574 134 
2575 131 
2576 130 
2577 130 
2578 131 
2579 131 
2580 132 
2581 133 
2582 133 
2583 132 
2584 133 
2585 135 
2586 134 
2587 133 
2588 133 
2589 134 
2590 136 
2591 137 
2592 137 
2593 137 
2594 136 
2595 134 
2596 132 
2597 131 
2598 133 
2599 136 
2600 131 
2601 124 
2602 133 
2603 145 
2604 142 
2605 136 
2606 139 
2607 142 
2608 135 
2609 137 
2610 141 
2611 137 
2612 132 
2613 134 
2614 138 
2615 137 
2616 138 
2617 137 
2618 135 
2619 133 
2620 133 
2621 137 
2622 139 
2623 137 
2624 137 
2625 139 
2626 138 
2627 134 
2628 133 
2629 135 
2630 137 
2631 139 
2632 133 
2633 131 
2634 131 
2635 134 
2636 134 
2637 133 
2638 131 
2639 130 
2640 133 
2641 137 
2642 141 
2643 139 
2644 135 
2645 137 
2646 139 
2647 137 
2648 136 
2649 138 
2650 138 
2651 139 
2652 140 
2653 139 
2654 138 
2655 138 
2656 137 
2657 133 
2658 134 
2659 136 
2660 137 
2661 140 
2662 141 
2663 138 
2664 130 
2665 131 
2666 135 
2667 137 
2668 135 
2669 135 
2670 136 
2671 132 
2672 136 
2673 130 
2674 128 
2675 132 
2676 136 
2677 135 
2678 134 
2679 136 
2680 134 
2681 133 
2682 133 
2683 133 
2684 135 
2685 134 
2686 131 
2687 127 
2688 129 
2689 128 
2690 129 
2691 129 
2692 129 
2693 130 
2694 132 
2695 132 
2696 129 
2697 128 
2698 129 
2699 130 
2700 129 
2701 129 
2702 129 
2703 129 
2704 123 
2705 125 
2706 127 
2707 131 
2708 134 
2709 135 
2710 134 
2711 133 
2712 129 
2713 133 
2714 136 
2715 136 
2716 135 
2717 134 
2718 135 
2719 135 
2720 138 
2721 137 
2722 140 
2723 142 
2724 137 
2725 132 
2726 133 
2727 136 
2728 136 
2729 134 
2730 133 
2731 133 
2732 131 
2733 131 
2734 134 
2735 135 
2736 134 
2737 133 
2738 131 
2739 130 
2740 129 
2741 129 
2742 131 
2743 132 
2744 131 
2745 127 
2746 124 
2747 126 
2748 130 
2749 132 
2750 132 
2751 133 
2752 133 
2753 130 
2754 126 
2755 128 
2756 134 
2757 134 
2758 135 
2759 134 
2760 128 
2761 126 
2762 126 
2763 130 
2764 133 
2765 132 
2766 137 
2767 146 
2768 144 
2769 138 
2770 133 
2771 132 
2772 126 
2773 122 
2774 119 
2775 117 
2776 126 
2777 124 
2778 123 
2779 124 
2780 124 
2781 123 
2782 122 
2783 122 
2784 124 
2785 125 
2786 127 
2787 129 
2788 128 
2789 127 
2790 127 
2791 128 
2792 129 
2793 131 
2794 130 
2795 124 
2796 120 
2797 126 
2798 135 
2799 139 
2800 133 
2801 127 
2802 125 
2803 120 
2804 112 
2805 119 
2806 129 
2807 127 
2808 127 
2809 127 
2810 128 
2811 131 
2812 133 
2813 133 
2814 132 
2815 131 
2816 132 
2817 133 
2818 134 
2819 134 
2820 134 
2821 135 
2822 133 
2823 131 
2824 127 
2825 129 
2826 129 
2827 130 
2828 136 
2829 141 
2830 139 
2831 135 
2832 132 
2833 134 
2834 135 
2835 131 
2836 131 
2837 137 
2838 137 
2839 129 
2840 130 
2841 129 
2842 127 
2843 132 
2844 135 
2845 133 
2846 131 
2847 134 
2848 135 
2849 134 
2850 131 
2851 127 
2852 124 
2853 126 
2854 131 
2855 133 
2856 132 
2857 133 
2858 128 
2859 123 
2860 128 
2861 135 
2862 133 
2863 126 
2864 124 
2865 125 
2866 125 
2867 128 
2868 133 
2869 135 
2870 134 
2871 133 
2872 133 
2873 134 
2874 135 
2875 135 
2876 131 
2877 130 
2878 130 
2879 129 
2880 127 
2881 129 
2882 128 
2883 127 
2884 127 
2885 131 
2886 130 
2887 127 
2888 129 
2889 129 
2890 130 
2891 127 
2892 118 
2893 116 
2894 130 
2895 146 
2896 143 
2897 135 
2898 131 
2899 135 
2900 136 
2901 135 
2902 134 
2903 129 
2904 123 
2905 128 
2906 133 
2907 133 
2908 133 
2909 133 
2910 131 
2911 134 
2912 134 
2913 139 
2914 139 
2915 136 
2916 136 
2917 138 
2918 138 
2919 137 
2920 134 
2921 137 
2922 137 
2923 131 
2924 129 
2925 135 
2926 139 
2927 138 
2928 137 
2929 146 
2930 147 
2931 139 
2932 137 
2933 140 
2934 137 
2935 127 
2936 129 
2937 135 
2938 136 
2939 132 
2940 130 
2941 130 
2942 131 
2943 132 
2944 134 
2945 135 
2946 138 
2947 134 
2948 134 
2949 139 
2950 135 
2951 129 
2952 123 
2953 128 
2954 129 
2955 130 
2956 130 
2957 128 
2958 131 
2959 132 
2960 131 
2961 129 
2962 133 
2963 137 
2964 136 
2965 133 
2966 133 
2967 135 
2968 130 
2969 133 
2970 139 
2971 138 
2972 133 
2973 136 
2974 141 
2975 140 
2976 133 
2977 131 
2978 133 
2979 138 
2980 141 
2981 139 
2982 142 
2983 151 
2984 144 
2985 137 
2986 137 
2987 138 
2988 133 
2989 129 
2990 133 
2991 137 
2992 143 
2993 141 
2994 138 
2995 137 
2996 136 
2997 136 
2998 136 
2999 135 
3000 133 
3001 134 
3002 145 
3003 152 
3004 142 
3005 136 
3006 138 
3007 139 
3008 137 
3009 136 
3010 136 
3011 135 
3012 134 
3013 134 
3014 135 
3015 134 
3016 134 
3017 131 
3018 130 
3019 135 
3020 138 
3021 136 
3022 136 
3023 135 
3024 142 
3025 139 
3026 133 
3027 134 
3028 131 
3029 130 
3030 136 
3031 136 
3032 135 
3033 134 
3034 135 
3035 134 
3036 134 
3037 142 
3038 144 
3039 134 
3040 130 
3041 135 
3042 137 
3043 137 
3044 134 
3045 131 
3046 131 
3047 131 
3048 133 
3049 132 
3050 131 
3051 134 
3052 130 
3053 122 
3054 126 
3055 131 
3056 130 
3057 130 
3058 130 
3059 129 
3060 130 
3061 131 
3062 130 
3063 129 
3064 129 
3065 129 
3066 128 
3067 127 
3068 128 
3069 129 
3070 127 
3071 125 
3072 125 
3073 125 
3074 129 
3075 126 
3076 118 
3077 114 
3078 118 
3079 127 
3080 128 
3081 135 
3082 131 
3083 123 
3084 125 
3085 128 
3086 123 
3087 116 
3088 121 
3089 129 
3090 129 
3091 126 
3092 127 
3093 128 
3094 131 
3095 137 
3096 150 
3097 140 
3098 129 
3099 125 
3100 126 
3101 122 
3102 122 
3103 131 
3104 130 
3105 130 
3106 130 
3107 127 
3108 131 
3109 134 
3110 131 
3111 131 
3112 131 
3113 131 
3114 128 
3115 128 
3116 131 
3117 132 
3118 129 
3119 127 
3120 121 
3121 129 
3122 132 
3123 129 
3124 126 
3125 128 
3126 134 
3127 139 
3128 151 
3129 138 
3130 131 
3131 127 
3132 125 
3133 127 
3134 127 
3135 120 
3136 119 
3137 121 
3138 127 
3139 132 
3140 129 
3141 125 
3142 124 
3143 126 
3144 122 
3145 115 
3146 114 
3147 118 
3148 118 
3149 118 
3150 119 
3151 119 
3152 120 
3153 119 
3154 120 
3155 120 
3156 121 
3157 123 
3158 126 
3159 128 
3160 126 
3161 129 
3162 131 
3163 130 
3164 130 
3165 132 
3166 133 
3167 133 
3168 132 
3169 132 
3170 134 
3171 136 
3172 135 
3173 134 
3174 134 
3175 134 
3176 135 
3177 137 
3178 130 
3179 118 
3180 114 
3181 124 
3182 133 
3183 136 
3184 138 
3185 137 
3186 136 
3187 133 
3188 126 
3189 119 
3190 125 
3191 136 
3192 146 
3193 140 
3194 133 
3195 131 
3196 132 
3197 134 
3198 133 
3199 130 
3200 146 
3201 149 
3202 140 
3203 131 
3204 127 
3205 116 
3206 114 
3207 128 
3208 133 
3209 131 
3210 132 
3211 136 
3212 134 
3213 131 
3214 133 
3215 139 
3216 142 
3217 140 
3218 140 
3219 142 
3220 140 
3221 135 
3222 133 
3223 135 
3224 131 
3225 131 
3226 130 
3227 129 
3228 128 
3229 127 
3230 127 
3231 128 
3232 131 
3233 135 
3234 128 
3235 123 
3236 128 
3237 128 
3238 126 
3239 131 
3240 128 
3241 128 
3242 128 
3243 128 
3244 128 
3245 130 
3246 133 
3247 134 
3248 133 
3249 131 
3250 130 
3251 130 
3252 131 
3253 132 
3254 132 
3255 133 
3256 133 
3257 131 
3258 130 
3259 131 
3260 132 
3261 131 
3262 129 
3263 128 
3264 128 
3265 137 
3266 142 
3267 136 
3268 128 
3269 129 
3270 132 
3271 132 
3272 139 
3273 132 
3274 132 
3275 135 
3276 133 
3277 133 
3278 134 
3279 132 
3280 129 
3281 135 
3282 135 
3283 131 
3284 127 
3285 125 
3286 126 
3287 131 
3288 132 
3289 132 
3290 133 
3291 131 
3292 132 
3293 133 
3294 135 
3295 137 
3296 134 
3297 134 
3298 133 
3299 132 
3300 130 
3301 131 
3302 133 
3303 133 
3304 130 
3305 136 
3306 137 
3307 134 
3308 132 
3309 131 
3310 138 
3311 146 
3312 145 
3313 133 
3314 125 
3315 120 
3316 114 
3317 120 
3318 131 
3319 134 
3320 133 
3321 131 
3322 134 
3323 145 
3324 144 
3325 131 
3326 126 
3327 135 
3328 135 
3329 135 
3330 135 
3331 134 
3332 132 
3333 133 
3334 135 
3335 135 
3336 136 
3337 126 
3338 119 
3339 123 
3340 127 
3341 130 
3342 138 
3343 140 
3344 133 
3345 129 
3346 128 
3347 130 
3348 131 
3349 133 
3350 133 
3351 130 
3352 131 
3353 131 
3354 129 
3355 130 
3356 137 
3357 132 
3358 123 
3359 129 
3360 132 
3361 137 
3362 130 
3363 126 
3364 126 
3365 125 
3366 126 
3367 127 
3368 121 
3369 120 
3370 128 
3371 138 
3372 139 
3373 132 
3374 130 
3375 132 
3376 136 
3377 138 
3378 137 
3379 137 
3380 135 
3381 135 
3382 136 
3383 134 
3384 134 
3385 132 
3386 129 
3387 130 
3388 128 
3389 122 
3390 123 
3391 131 
3392 124 
3393 123 
3394 123 
3395 124 
3396 125 
3397 125 
3398 123 
3399 123 
3400 126 
3401 127 
3402 126 
3403 125 
3404 124 
3405 125 
3406 125 
3407 124 
3408 112 
3409 112 
3410 111 
3411 118 
3412 123 
3413 128 
3414 133 
3415 130 
3416 119 
3417 119 
3418 128 
3419 132 
3420 131 
3421 131 
3422 125 
3423 123 
3424 120 
3425 121 
3426 122 
3427 123 
3428 124 
3429 126 
3430 127 
3431 126 
3432 124 
3433 126 
3434 127 
3435 126 
3436 126 
3437 125 
3438 127 
3439 129 
3440 127 
3441 129 
3442 126 
3443 123 
3444 123 
3445 125 
3446 124 
3447 121 
3448 123 
3449 121 
3450 121 
3451 120 
3452 123 
3453 129 
3454 128 
3455 118 
3456 117 
3457 123 
3458 125 
3459 126 
3460 121 
3461 116 
3462 111 
3463 111 
3464 107 
3465 94 
3466 94 
3467 107 
3468 114 
3469 117 
3470 119 
3471 116 
3472 116 
3473 112 
3474 111 
3475 124 
3476 142 
3477 139 
3478 126 
3479 122 
3480 126 
3481 126 
3482 124 
3483 122 
3484 120 
3485 122 
3486 126 
3487 129 
3488 129 
3489 123 
3490 109 
3491 109 
3492 122 
3493 127 
3494 125 
3495 128 
3496 132 
3497 139 
3498 130 
3499 120 
3500 126 
3501 132 
3502 130 
3503 129 
3504 130 
3505 126 
3506 122 
3507 121 
3508 121 
3509 123 
3510 124 
3511 124 
3512 126 
3513 126 
3514 126 
3515 128 
3516 122 
3517 122 
3518 141 
3519 157 
3520 141 
3521 123 
3522 118 
3523 126 
3524 128 
3525 128 
3526 129 
3527 126 
3528 127 
3529 131 
3530 130 
3531 130 
3532 128 
3533 126 
3534 124 
3535 113 
3536 117 
3537 124 
3538 128 
3539 128 
3540 124 
3541 120 
3542 120 
3543 123 
3544 126 
3545 124 
3546 122 
3547 123 
3548 123 
3549 122 
3550 122 
3551 124 
3552 124 
3553 123 
3554 124 
3555 125 
3556 124 
3557 122 
3558 123 
3559 126 
3560 124 
3561 120 
3562 114 
3563 113 
3564 126 
3565 135 
3566 125 
3567 118 
3568 125 
3569 128 
3570 126 
3571 122 
3572 122 
3573 123 
3574 119 
3575 118 
3576 118 
3577 121 
3578 123 
3579 124 
3580 123 
3581 124 
3582 124 
3583 123 
3584 118 
3585 116 
3586 113 
3587 110 
3588 111 
3589 113 
3590 109 
3591 104 
3592 99 
3593 100 
3594 101 
3595 104 
3596 104 
3597 99 
3598 98 
3599 102 
3600 103 
3601 106 
3602 109 
3603 106 
3604 102 
3605 100 
3606 102 
3607 105 
3608 109 
3609 106 
3610 103 
3611 103 
3612 105 
3613 110 
3614 113 
3615 113 
3616 113 
3617 114 
3618 119 
3619 124 
3620 122 
3621 117 
3622 115 
3623 116 
3624 118 
3625 120 
3626 120 
3627 120 
3628 119 
3629 119 
3630 118 
3631 120 
3632 120 
3633 121 
3634 123 
3635 124 
3636 126 
3637 127 
3638 126 
3639 124 
3640 123 
3641 127 
3642 125 
3643 122 
3644 124 
3645 126 
3646 125 
3647 122 
3648 120 
3649 120 
3650 121 
3651 122 
3652 121 
3653 124 
3654 130 
3655 131 
3656 120 
3657 115 
3658 117 
3659 123 
3660 125 
3661 127 
3662 124 
3663 115 
3664 117 
3665 118 
3666 118 
3667 118 
3668 120 
3669 122 
3670 123 
3671 122 
3672 123 
3673 120 
3674 121 
3675 124 
3676 121 
3677 119 
3678 120 
3679 123 
3680 122 
3681 120 
3682 119 
3683 120 
3684 122 
3685 123 
3686 125 
3687 126 
3688 128 
3689 124 
3690 121 
3691 121 
3692 126 
3693 129 
3694 127 
3695 121 
3696 113 
3697 115 
3698 118 
3699 123 
3700 122 
3701 121 
3702 121 
3703 120 
3704 122 
3705 127 
3706 126 
3707 124 
3708 127 
3709 124 
3710 118 
3711 121 
3712 124 
3713 125 
3714 128 
3715 129 
3716 127 
3717 125 
3718 124 
3719 123 
3720 121 
3721 120 
3722 122 
3723 123 
3724 123 
3725 122 
3726 122 
3727 123 
3728 125 
3729 117 
3730 110 
3731 112 
3732 117 
3733 118 
3734 119 
3735 120 
3736 122 
3737 121 
3738 122 
3739 123 
3740 116 
3741 108 
3742 110 
3743 117 
3744 123 
3745 121 
3746 120 
3747 121 
3748 122 
3749 123 
3750 122 
3751 119 
3752 111 
3753 115 
3754 121 
3755 122 
3756 122 
3757 126 
3758 126 
3759 120 
3760 116 
3761 122 
3762 120 
3763 116 
3764 121 
3765 125 
3766 128 
3767 132 
3768 127 
3769 124 
3770 121 
3771 122 
3772 122 
3773 125 
3774 126 
3775 126 
3776 125 
3777 124 
3778 124 
3779 124 
3780 125 
3781 125 
3782 126 
3783 126 
3784 127 
3785 134 
3786 138 
3787 133 
3788 126 
3789 127 
3790 128 
3791 126 
3792 125 
3793 123 
3794 123 
3795 124 
3796 125 
3797 125 
3798 123 
3799 121 
3800 121 
3801 121 
3802 122 
3803 124 
3804 124 
3805 126 
3806 127 
3807 128 
3808 128 
3809 130 
3810 134 
3811 138 
3812 133 
3813 125 
3814 123 
3815 125 
3816 126 
3817 121 
3818 128 
3819 127 
3820 120 
3821 122 
3822 123 
3823 126 
3824 122 
3825 113 
3826 117 
3827 120 
3828 117 
3829 120 
3830 121 
3831 117 
3832 119 
3833 125 
3834 129 
3835 125 
3836 116 
3837 114 
3838 118 
3839 120 
3840 127 
3841 121 
3842 121 
3843 122 
3844 120 
3845 120 
3846 121 
3847 119 
3848 120 
3849 124 
3850 126 
3851 125 
3852 121 
3853 118 
3854 119 
3855 121 
3856 120 
3857 120 
3858 118 
3859 117 
3860 115 
3861 116 
3862 117 
3863 117 
